60
10 25
1 3 2 0 1 2 0 0 0 3
3 0 0 0 2 1 0 2 3 1
1 3
3 4
3 9
1 7
1 6
2 2
1 2
4 10
6 8
3 10
2 3
7 10
3 6
1 10
4 7
1 8
1 4
1 7
2 8
1 8
5 9
4 8
7 8
4 6
4 6
8 4
1 2 2 0 1 2 1 1
1 1 0 2 1 2 2 1
6 7
1 6
5 8
5 8
1 16
0
0
1 1
1 1
1 1
1 1
1 1
1 1
1 1
1 1
1 1
1 1
1 1
1 1
1 1
1 1
1 1
1 1
13 5
1 1 2 1 2 1 2 2 2 2 1 2 1
1 1 2 2 2 2 1 2 1 2 1 2 1
7 11
11 11
3 5
2 11
4 9
6 8
1 0 1 0 0 1
0 1 1 0 1 0
4 6
3 5
3 4
4 6
1 1
4 6
2 3
4 4
15 0
1 3 3 0 0 2 1 0 3 1 3 2 1 2 0
0 1 3 3 0 2 1 0 3 1 3 2 1 2 0
12 6
0 3 1 0 2 1 3 2 2 3 3 3
0 0 3 3 3 2 2 3 1 2 1 3
5 11
3 5
4 9
5 6
7 12
3 11
32 28
2 2 3 1 1 1 2 1 0 3 4 0 0 5 5 2 4 1 4 2 4 0 4 0 5 5 1 5 0 1 0 3
3 0 1 0 5 1 5 5 0 4 0 4 2 4 1 4 2 5 0 0 4 3 0 1 2 1 1 1 4 3 2 2
9 14
18 18
15 30
26 28
17 32
29 31
2 19
5 18
18 27
15 21
10 19
15 15
10 19
5 8
6 30
2 5
15 29
7 23
8 22
11 27
7 20
27 29
1 27
9 29
6 31
9 11
15 20
14 30
34 9
21 9 7 5 5 12 15 2 6 1 23 13 13 6 21 18 17 11 6 5 8 21 13 22 14 21 16 12 9 1 6 21 18 4
8 12 21 6 1 16 21 14 22 13 21 8 5 6 11 17 18 21 6 13 13 23 1 6 2 15 12 5 5 18 7 9 21 4
24 28
4 17
17 29
1 21
7 26
3 32
21 28
7 32
3 19
33 8
3 2 3 2 3 1 1 1 2 3 1 2 0 2 3 2 1 1 0 2 2 2 1 0 3 0 1 0 2 3 0 3 3
3 0 1 0 2 3 0 1 2 2 2 0 1 1 2 3 2 0 2 1 3 2 1 1 1 3 2 3 2 3 0 3 3
23 24
3 28
9 10
2 26
5 29
5 6
28 29
7 13
17 8
2 3 3 0 0 2 3 1 2 0 0 0 2 1 1 3 3
1 2 0 0 0 3 2 0 2 1 3 2 0 3 1 3 3
10 13
13 14
3 4
4 14
6 7
5 13
10 14
1 7
16 11
0 0 3 0 0 2 1 0 2 0 2 1 2 0 0 2
0 3 2 1 2 0 2 0 1 2 0 0 3 0 0 2
5 15
6 6
5 7
5 6
2 2
1 13
1 4
11 15
4 11
6 9
10 13
10 26
1 6 1 4 4 6 6 0 2 1
1 2 0 6 6 4 4 1 6 1
1 3
1 2
4 9
3 9
3 8
2 3
5 9
8 8
4 7
1 3
2 2
6 6
1 6
3 10
1 2
1 1
2 6
10 10
5 6
6 9
2 3
8 8
3 6
1 2
1 9
5 5
13 7
3 2 3 2 2 2 1 1 2 0 3 3 1
2 3 3 2 3 0 1 2 1 1 2 2 3
4 5
4 12
4 7
3 4
7 13
9 10
7 10
16 6
3 3 2 0 2 1 0 2 3 1 2 1 1 0 1 2
3 3 1 3 2 0 1 2 0 2 2 0 1 1 1 2
3 10
12 14
3 8
5 9
1 2
14 14
21 7
1 0 2 0 3 2 3 1 1 1 0 0 1 3 2 2 1 0 2 3 2
0 2 3 2 0 1 2 2 3 1 0 0 1 1 1 3 2 3 2 0 1
5 17
2 14
3 18
4 5
8 12
2 21
16 21
20 4
6 5 1 0 2 7 4 4 3 7 1 4 6 10 8 7 6 1 1 8
6 8 10 1 7 6 4 7 3 4 4 7 2 0 1 5 6 1 1 8
12 15
5 6
2 13
5 16
22 23
8 2 9 16 7 4 17 13 17 16 4 17 15 19 9 18 7 12 8 8 19 11
11 19 8 8 12 7 18 9 19 15 17 4 16 17 13 17 4 7 16 9 2 8
3 9
1 1
2 13
11 16
3 13
9 15
15 18
18 21
1 17
6 12
11 21
3 20
13 14
6 22
1 8
1 16
19 20
9 11
6 15
6 9
4 20
2 17
3 4
14 4
2 0 0 1 0 1 2 1 2 2 2 1 1 2
1 0 2 1 2 1 0 0 1 1 2 2 1 2
10 12
3 9
3 9
1 2
26 25
1 0 2 3 1 3 0 3 2 3 0 1 0 1 0 0 2 3 2 2 3 1 1 2 2 2
2 2 2 1 1 3 2 2 3 2 0 0 1 0 1 0 3 2 3 0 3 1 3 2 0 1
1 26
3 19
11 17
4 9
6 7
2 12
4 23
6 16
9 13
3 6
17 26
2 20
7 16
8 22
7 22
12 15
6 20
9 15
22 26
10 24
17 20
20 20
6 21
8 20
6 18
35 29
3 3 2 3 0 1 1 3 3 2 3 1 0 1 1 3 2 0 1 0 2 3 2 2 1 1 3 0 3 1 1 3 2 2 0
2 3 1 1 3 0 2 0 3 1 1 2 2 3 2 0 1 0 2 3 1 1 0 1 3 2 3 3 1 1 0 3 2 3 3
9 20
13 31
14 21
23 26
9 30
20 20
9 26
7 33
10 33
4 7
14 29
1 12
11 23
3 25
19 31
26 35
7 16
5 21
24 27
5 22
7 7
28 35
1 11
13 13
20 28
10 16
8 29
7 33
6 33
30 23
0 24 18 24 13 16 8 16 21 25 16 6 24 2 17 13 0 24 14 13 3 18 6 14 23 2 10 16 6 5
16 10 2 23 14 6 18 3 13 14 24 0 13 17 2 24 6 16 25 21 16 8 16 13 24 18 24 0 6 5
10 17
5 26
1 22
19 23
25 26
9 11
16 18
5 19
5 7
3 28
2 5
15 24
1 4
10 18
14 17
7 8
8 14
6 19
25 26
4 6
7 27
13 17
3 25
8 28
1 0 0 0 0 1 0 1
1 0 1 0 0 0 0 1
1 3
6 7
2 6
2 8
5 8
5 6
1 1
2 8
1 1
3 4
3 5
5 6
2 6
4 8
1 2
1 2
2 2
1 4
4 8
3 7
5 7
7 7
2 2
8 8
1 3
2 8
1 2
2 8
23 1
2 12 17 1 22 15 9 16 15 11 13 6 9 17 19 13 5 1 16 17 13 15 14
2 12 17 1 22 15 9 16 15 11 13 6 9 17 18 13 5 1 16 17 13 15 14
1 1
14 17
0 3 1 2 2 0 2 1 2 0 2 2 1 2
2 1 2 2 0 2 1 2 0 2 2 1 3 0
8 8
2 14
3 5
6 9
1 2
7 11
12 13
12 14
5 6
5 6
4 9
6 13
7 13
5 13
2 13
3 5
2 14
26 18
0 2 1 0 2 1 0 2 0 1 3 0 3 2 2 1 2 3 0 2 2 0 1 1 1 3
1 1 1 0 2 2 0 3 2 1 2 2 3 0 3 1 0 2 0 1 2 0 0 1 2 3
3 24
6 17
3 21
8 8
8 22
21 24
8 19
2 25
8 22
2 5
1 20
6 10
12 16
13 20
12 23
2 9
17 20
7 18
5 21
1 2 2 2 0
0 2 2 2 0
2 4
4 5
1 4
1 2
1 2
1 3
1 3
2 4
3 4
1 5
1 5
1 4
1 1
4 4
1 2
3 3
1 5
3 4
2 5
3 4
2 4
8 21
4 0 3 4 0 4 1 1
0 1 4 0 4 3 0 4
1 3
4 7
3 6
1 4
6 7
5 6
5 8
2 2
1 3
6 7
2 8
5 7
4 4
3 3
3 8
2 3
2 2
1 6
1 6
2 4
3 3
24 4
1 1 0 2 2 0 1 3 3 1 3 2 2 0 1 2 2 0 3 0 0 1 0 0
2 1 1 0 2 0 1 3 3 1 0 0 1 0 0 3 0 2 2 1 0 2 2 3
15 22
18 19
18 22
11 24
6 0
0 3 0 2 0 0
2 0 3 0 0 0
1 10
1
1
1 1
1 1
1 1
1 1
1 1
1 1
1 1
1 1
1 1
1 1
25 24
1 2 1 3 0 2 2 2 3 3 1 0 0 0 2 1 0 3 1 2 3 3 0 0 0
0 0 3 3 2 3 0 1 2 0 0 0 1 3 3 2 2 2 0 3 1 1 2 1 0
7 11
1 17
12 14
19 24
19 24
8 12
3 17
8 11
1 5
4 22
1 8
6 23
1 23
1 11
19 22
12 22
4 11
16 18
13 22
10 21
11 18
3 11
1 7
1 15
29 15
8 8 1 0 6 5 3 1 1 0 3 4 2 9 8 2 1 4 0 8 3 3 8 0 9 3 0 9 8
0 3 5 8 9 0 3 9 0 8 3 3 8 0 4 1 2 8 9 2 4 3 5 1 8 8 0 1 1
11 24
9 25
10 26
19 26
8 29
20 25
12 21
22 24
13 24
2 7
6 10
6 26
4 26
18 22
19 21
23 18
2 0 2 1 2 0 2 1 3 3 0 2 2 3 0 3 1 0 3 1 0 1 3
1 3 0 1 3 0 3 2 2 0 3 0 3 1 1 2 0 2 2 0 2 1 3
11 15
7 16
2 18
8 13
4 12
16 20
7 8
10 18
15 15
15 15
5 16
5 10
3 12
1 12
5 11
18 21
15 21
12 15
16 24
6 3 3 11 6 8 4 6 3 0 11 4 11 11 5 11
11 5 11 11 4 11 0 3 6 4 8 6 11 3 3 6
9 12
9 13
7 11
6 12
1 8
13 15
1 16
2 3
7 9
6 8
12 15
4 9
8 14
1 10
7 15
9 14
3 11
6 8
1 1
9 14
1 3
8 16
9 13
1 12
11 13
0 11 0 4 6 1 4 0 2 5 8
8 5 1 0 4 1 6 4 0 11 0
4 4
6 6
3 10
6 11
3 10
5 6
2 9
6 7
1 6
10 10
3 9
7 11
9 9
34 28
26 16 16 2 10 13 18 3 9 9 2 0 22 23 18 2 6 9 19 14 16 15 20 0 10 12 24 15 0 11 21 7 7 19
2 15 19 7 7 21 11 0 24 12 10 0 20 15 16 14 19 9 6 2 18 23 22 0 2 9 9 3 18 13 10 16 16 26
13 21
7 18
13 21
5 22
2 28
11 16
17 24
6 28
19 34
13 30
7 32
8 31
27 29
9 24
3 32
7 8
11 29
20 26
15 22
19 31
7 29
23 34
22 33
14 28
10 18
13 28
13 26
17 30
4 10
0 2 1 2
2 1 2 0
2 2
2 3
2 3
2 2
2 3
2 3
1 4
2 4
2 3
2 3
3 7
2 2 1
1 2 2
1 3
2 3
2 3
1 2
1 1
2 2
2 2
31 26
1 3 1 0 2 1 0 0 0 0 0 3 1 3 3 0 2 0 1 3 3 1 3 2 2 2 1 1 2 0 3
0 3 0 2 1 1 2 2 2 3 1 2 0 3 3 1 3 0 3 3 1 3 0 0 0 0 1 2 1 3 1
2 8
3 17
6 8
23 28
18 27
12 17
10 17
25 29
20 24
10 20
10 30
12 15
25 27
20 31
14 25
11 24
6 7
6 20
13 17
16 16
14 20
4 17
10 17
8 25
11 23
2 13
12 16
2 1 2 2 1 0 1 1 1 1 0 0
0 0 1 1 1 1 0 1 2 2 1 2
4 7
2 5
1 12
10 11
6 10
1 5
4 12
7 12
1 8
7 11
9 11
5 11
2 5
4 11
4 10
12 12
14 27
0 0 2 1 0 1 0 2 2 0 0 2 2 2
0 2 2 2 0 0 2 2 0 1 0 1 2 0
5 13
7 9
3 7
10 11
1 2
4 9
5 7
6 13
8 14
3 7
2 6
3 11
2 14
9 14
3 14
4 12
4 9
10 10
2 2
8 10
7 10
12 14
6 7
3 8
11 12
6 8
6 14
25 27
3 0 2 0 4 3 1 3 5 4 3 5 2 4 5 0 2 1 0 4 5 3 4 0 4
0 4 0 4 3 5 4 4 0 1 2 0 5 4 2 5 3 4 5 3 1 3 2 0 3
14 23
2 5
20 23
13 20
8 17
4 20
6 25
6 15
3 6
14 16
4 9
12 17
5 10
17 23
13 20
6 7
5 21
5 6
10 24
14 15
3 14
23 23
19 22
11 23
18 25
4 14
2 8
2 25
1 2
2 1
1 2
1 2
1 1
1 1
2 2
1 2
1 2
1 2
2 2
1 2
1 2
1 2
1 2
2 2
2 2
1 2
2 2
1 2
1 2
1 1
1 1
1 1
1 1
1 2
1 1
31 3
1 0 0 0 1 1 1 1 1 1 0 1 0 1 1 1 1 1 0 1 0 0 1 1 1 0 1 1 0 0 1
1 0 0 0 1 1 0 1 1 1 1 1 0 1 1 1 1 1 0 1 1 1 0 0 1 0 1 1 0 0 1
18 20
6 12
18 27
21 11
2 7 4 0 2 2 6 4 4 6 0 5 0 0 1 4 0 3 6 5 5
2 7 5 5 6 0 4 3 0 4 1 0 0 5 0 6 4 4 6 2 2
15 17
9 11
15 17
16 17
8 16
5 21
10 15
9 21
11 13
16 16
3 7
13 1
3 3 2 3 3 0 1 1 3 3 2 1 2
3 3 2 3 3 0 1 1 3 1 2 3 2
10 12
2 4
1 1
1 1
2 2
1 2
1 2
2 2
32 14
2 0 0 1 2 3 3 0 2 1 0 0 1 0 3 2 0 2 2 0 1 0 1 1 0 2 1 0 0 0 2 0
1 1 0 1 0 2 2 0 1 0 0 0 2 0 2 3 0 1 0 0 1 2 0 3 3 2 0 1 0 2 2 0
4 6
4 24
1 9
28 30
6 9
20 26
6 11
22 23
15 18
12 15
12 16
27 30
11 28
13 27
4 7
1 0 0 0
0 0 0 1
1 3
2 2
4 4
2 3
3 4
2 4
2 2
30 22
3 3 1 3 2 2 2 1 2 1 2 1 1 2 0 2 1 0 2 3 3 1 2 2 1 1 2 3 0 3
0 3 2 1 1 2 2 1 3 3 2 0 1 2 0 2 1 1 2 1 2 1 2 2 2 3 3 1 3 3
7 29
5 9
22 23
6 7
1 15
3 26
4 27
6 23
10 21
15 21
3 9
4 29
1 11
13 20
19 29
8 9
18 23
11 27
20 24
5 29
13 16
21 27
10 13
3 2 7 6 0 3 5 7 5 9
9 5 7 5 3 0 6 7 2 3
3 9
3 9
8 10
8 8
3 6
1 10
2 10
2 5
4 6
1 8
2 2
3 6
2 9
2 20
2 1
1 1
1 2
1 2
1 2
1 1
1 2
1 2
1 1
1 1
2 2
1 1
1 2
2 2
2 2
1 2
2 2
1 2
2 2
1 2
1 2
2 2
13 27
1 1 1 2 2 0 0 3 1 2 3 0 3
3 0 3 2 1 3 0 0 2 2 1 1 1
6 10
9 11
4 6
2 3
8 8
10 11
3 12
4 8
3 7
10 13
7 13
11 12
2 6
3 6
11 13
5 5
5 9
6 12
1 6
1 10
10 13
3 4
9 10
11 12
10 11
3 10
12 13
25 4
2 2 1 2 0 0 1 1 0 0 0 1 0 2 1 0 0 1 0 2 0 2 1 1 1
2 0 1 0 0 1 2 0 1 0 0 0 1 1 0 0 2 1 2 2 0 2 1 1 1
1 20
4 12
7 20
7 12
260 396
63 137 135 84 70 2 14 26 129 8 97 164 50 166 144 122 32 170 161 54 45 45 100 85 132 56 14 113 21 167 96 6 54 67 72 169 126 55 82 162 28 136 88 74 35 117 129 53 70 24 62 129 134 75 91 9 65 115 135 79 85 90 72 6 161 57 108 44 41 160 168 82 119 57 88 14 57 155 66 30 23 18 109 40 71 36 16 92 16 86 43 105 150 103 11 32 163 105 64 23 160 37 98 62 5 111 89 138 137 117 89 71 33 35 97 33 115 82 24 10 86 134 38 68 99 82 116 54 88 44 142 84 85 108 79 106 12 120 23 68 125 110 122 64 35 114 87 74 128 119 84 20 129 44 19 11 49 91 137 56 128 144 97 135 94 32 7 30 126 8 15 81 42 123 147 129 56 17 67 81 103 54 101 163 50 49 130 29 92 32 84 51 0 97 57 13 126 157 16 155 79 36 45 31 82 89 140 1 98 47 99 70 44 75 41 139 115 163 99 35 82 43 125 61 45 40 165 122 150 47 74 101 106 132 151 155 40 6 47 109 79 142 99 16 16 91 135 50 23 133 111 25 59 32 138 21 143 30 56 1
96 167 21 113 14 56 132 79 35 72 67 85 45 54 166 50 54 6 161 144 164 97 100 8 129 26 14 2 70 84 135 160 14 9 91 115 134 65 75 129 62 24 70 53 74 88 136 28 162 82 45 122 135 170 137 32 63 88 119 11 43 86 16 92 155 44 90 85 129 55 57 57 82 117 168 160 41 108 126 169 57 161 6 103 150 115 33 97 23 71 40 109 18 30 66 64 122 110 23 120 89 117 72 137 138 64 129 12 106 98 37 105 163 32 105 16 20 84 119 79 54 116 68 134 86 89 128 35 125 111 5 62 68 36 23 19 108 85 82 99 36 79 8 49 44 74 84 142 38 10 24 82 35 11 87 17 129 126 30 32 114 44 88 33 71 147 123 94 42 135 97 144 81 15 155 7 128 56 137 91 16 29 130 99 101 47 98 45 157 126 13 49 50 57 97 163 74 47 150 122 165 75 101 54 103 81 67 44 70 1 140 89 82 56 31 0 51 84 32 92 59 25 40 45 61 125 43 82 1 56 111 91 16 16 35 99 99 142 79 109 47 6 163 115 139 40 155 151 30 143 21 133 23 50 135 132 106 41 138 32
84 85
196 202
50 53
177 178
86 91
129 139
187 188
16 21
158 162
19 28
168 169
125 133
134 143
226 232
189 199
215 219
74 76
158 166
81 89
220 230
146 151
36 45
248 253
69 75
217 224
45 53
120 120
9 10
164 170
150 153
51 56
136 144
69 75
233 243
112 117
237 246
178 180
115 122
196 199
185 186
8 12
7 8
223 232
123 130
185 192
42 52
15 21
65 68
185 186
89 95
224 229
115 125
63 71
138 140
80 84
259 260
106 108
26 28
122 131
198 199
131 139
53 60
4 13
126 127
104 111
178 186
146 150
114 114
193 202
32 35
39 49
215 221
183 191
24 31
44 53
58 66
115 124
217 219
106 114
204 211
42 43
103 108
148 153
193 195
2 8
184 192
140 146
42 51
52 57
71 73
17 20
130 137
179 184
181 191
172 175
124 129
139 139
95 101
127 127
233 239
198 206
6 8
123 132
185 192
101 108
132 135
82 86
184 190
207 215
18 22
25 28
151 155
7 14
236 244
186 193
105 108
1 4
221 226
130 136
92 95
203 210
71 78
163 166
3 10
10 19
18 19
180 184
78 83
112 118
218 222
136 141
237 246
215 215
52 57
170 176
50 51
194 195
159 163
181 183
37 38
220 228
61 66
86 92
141 150
49 57
183 183
144 145
147 149
51 57
17 26
203 208
7 17
74 77
169 171
219 225
116 116
37 45
93 103
140 141
168 171
128 132
188 195
173 178
134 144
128 138
84 92
196 202
142 145
168 168
232 232
29 30
159 166
103 104
82 88
28 29
232 240
28 36
219 221
232 234
246 249
203 213
238 243
219 223
148 152
33 43
114 121
40 44
147 151
223 231
212 216
143 144
106 109
248 252
1 5
54 54
131 134
185 189
160 165
158 162
155 158
1 10
139 144
8 13
35 45
74 82
121 122
254 258
145 153
56 62
116 126
185 193
176 179
240 247
15 23
12 20
201 202
101 110
233 234
136 143
111 118
133 136
256 260
67 76
119 127
252 252
175 175
179 180
202 211
109 117
235 236
25 29
166 176
224 226
75 75
209 219
142 145
43 51
86 96
95 95
22 29
70 72
166 170
53 55
116 125
120 130
64 69
232 241
105 115
105 108
129 132
251 258
159 169
57 57
75 83
34 38
206 215
150 160
57 64
71 75
73 81
115 115
249 255
10 18
238 241
187 195
215 218
74 83
134 138
44 49
195 201
35 42
47 57
201 211
127 129
190 197
188 192
12 20
40 41
187 188
162 164
184 192
173 178
3 13
150 159
212 220
158 160
21 27
23 33
150 155
45 50
62 67
26 31
35 43
24 26
97 102
222 226
20 29
22 23
222 229
245 247
90 92
5 12
48 56
90 94
49 55
244 250
192 201
17 27
248 249
67 73
39 45
105 106
40 46
166 170
167 171
207 214
87 92
136 143
29 29
39 43
175 180
118 128
15 21
169 172
86 96
240 245
206 212
143 153
224 233
32 32
221 226
253 257
124 129
242 249
31 36
35 35
226 229
236 242
212 212
144 152
99 109
236 241
13 22
156 157
23 24
195 199
32 40
108 109
69 74
2 8
156 165
185 193
119 123
225 227
36 42
96 103
13 18
68 76
119 128
142 152
242 248
159 164
142 150
53 56
116 124
125 126
136 137
229 239
203 212
42 45
60 70
44 51
46 49
38 47
126 127
77 80
127 134
107 116
133 135
211 213
45 47
23 25
73 75
231 236
141 150
237 245
113 113
197 207
18 19
158 161
248 250
48 55
249 258
75 80
43 53
8 16
148 70
3 3 3 0 2 1 0 2 1 0 1 3 1 1 0 2 1 1 0 3 2 1 3 1 0 2 0 2 1 0 0 2 1 1 0 3 0 1 0 0 0 3 0 2 0 2 1 1 2 3 1 3 0 1 1 1 2 3 0 0 3 2 2 1 0 1 3 0 2 0 0 3 3 0 1 0 2 0 3 3 1 0 2 2 0 0 0 2 0 3 2 3 0 0 0 1 1 2 0 1 2 1 0 1 0 3 3 0 3 3 3 0 2 2 1 3 1 1 0 2 1 0 2 2 3 3 0 3 3 2 0 0 3 3 2 3 2 0 3 3 1 3 3 3 3 0 2 2
1 2 0 3 3 3 1 1 2 1 1 0 0 1 3 1 0 1 2 0 0 2 0 1 3 3 1 2 0 0 1 1 2 2 0 0 0 1 0 2 3 0 0 3 1 0 3 0 0 3 3 0 0 2 3 2 1 1 3 1 0 2 2 0 3 1 0 1 3 2 1 1 2 0 2 0 2 0 3 3 0 0 0 1 0 2 0 1 1 0 3 2 0 2 3 0 1 2 1 0 0 2 1 1 0 3 3 0 2 1 3 1 2 0 3 3 3 1 0 2 3 3 2 3 3 3 0 3 3 2 0 0 2 2 2 0 1 0 3 3 2 0 3 3 3 1 3 2
95 97
87 89
45 54
47 57
12 13
100 105
81 85
41 44
121 129
67 71
145 147
95 105
60 62
55 59
78 82
141 146
132 132
109 113
110 117
15 18
89 92
64 68
58 59
66 74
52 57
48 51
48 55
47 53
113 117
34 38
111 115
128 135
27 36
62 68
12 12
49 58
78 79
128 136
127 127
64 73
23 24
20 28
28 35
90 96
122 131
54 56
131 133
88 92
7 17
11 20
56 66
24 25
1 6
49 56
75 84
133 137
55 62
27 36
60 62
34 41
26 31
43 48
79 80
81 88
67 76
61 69
50 60
52 53
96 100
64 74
48 392
3 1 0 0 0 1 1 1 0 1 3 2 2 1 2 3 1 3 0 2 1 1 2 1 2 1 1 2 2 2 0 0 3 0 1 0 0 1 2 3 3 0 1 1 1 1 3 2
2 3 1 1 1 1 0 3 3 2 1 0 0 1 0 3 0 0 2 2 2 1 1 2 1 2 1 1 2 0 3 1 3 2 1 2 2 3 1 0 1 1 1 0 0 0 1 3
1 43
9 34
26 43
3 16
23 43
18 33
3 26
5 17
22 35
14 24
17 37
3 45
38 41
7 20
33 43
21 47
6 26
2 16
9 30
13 17
14 15
38 42
4 15
23 42
4 9
19 36
2 20
7 17
12 24
2 26
7 20
5 34
14 43
20 27
15 26
30 42
33 47
10 14
8 20
15 33
4 27
7 47
9 19
5 35
43 46
19 44
23 28
10 12
23 32
21 29
2 23
35 48
26 34
32 41
11 46
4 46
30 32
22 27
25 33
1 16
20 43
22 44
29 42
14 35
3 40
8 36
12 28
4 25
16 31
21 47
40 48
26 32
9 32
2 9
11 35
3 47
33 37
12 28
40 46
1 6
5 13
11 15
4 18
19 20
2 27
3 21
44 47
11 25
19 46
11 24
19 39
41 48
30 32
29 35
8 24
12 46
23 23
23 24
18 32
21 45
35 48
9 31
9 38
11 40
4 18
32 41
5 22
17 40
2 4
9 32
18 34
11 13
1 15
21 37
15 47
21 22
17 33
25 39
16 39
5 48
4 36
9 19
30 38
31 35
10 38
15 22
15 20
13 22
9 29
31 43
2 39
16 37
45 46
9 42
22 28
24 36
21 33
3 11
11 25
2 15
2 25
18 32
23 38
8 33
24 25
15 18
19 47
21 26
30 45
21 42
12 19
40 45
18 32
15 30
15 29
29 44
29 41
12 37
1 33
37 38
25 41
1 27
11 31
12 28
10 27
37 48
33 47
5 47
13 45
26 48
6 34
13 28
16 34
23 27
38 44
11 30
15 39
13 18
17 17
20 46
41 46
5 16
8 44
35 35
19 29
7 30
37 41
23 41
18 45
1 21
16 29
8 28
5 11
27 44
42 45
3 8
4 15
2 13
4 37
13 31
10 23
16 46
13 28
6 41
12 17
2 41
19 47
13 44
2 44
37 48
21 40
18 34
19 20
38 45
22 29
4 33
21 44
37 48
28 32
1 21
5 23
25 40
4 16
17 25
3 15
17 24
8 40
5 25
7 29
18 46
4 10
18 33
14 46
20 38
13 24
5 32
5 22
19 39
19 28
1 7
24 35
11 39
27 40
39 48
27 48
15 25
4 26
39 45
11 11
5 7
28 40
17 44
38 39
8 28
1 36
4 46
18 38
8 26
7 13
17 30
4 22
6 35
14 18
15 27
25 35
11 34
6 38
16 27
31 47
33 48
33 38
7 32
26 48
2 37
1 36
12 29
1 33
24 29
24 28
5 30
32 46
45 46
14 44
22 43
10 22
29 35
19 31
42 46
7 42
11 39
9 11
35 46
25 41
10 16
1 10
34 45
4 25
18 37
6 40
10 22
14 37
24 39
25 48
22 47
11 34
2 17
19 46
1 41
21 23
21 36
33 37
5 28
28 46
40 41
29 45
5 17
19 20
25 40
36 38
16 45
11 18
2 8
2 13
38 43
29 34
24 42
4 31
24 30
16 19
2 22
8 19
33 36
10 18
10 12
11 29
5 45
3 32
18 37
11 15
4 22
2 24
11 42
15 20
26 36
11 45
6 8
5 17
13 46
33 48
9 34
4 11
8 27
3 26
44 46
19 35
9 41
30 47
18 32
7 15
43 48
13 47
31 35
29 40
12 44
14 43
9 26
39 42
12 36
25 36
22 44
4 11
27 30
18 25
25 47
11 33
10 33
22 38
25 27
38 38
7 8
37 43
6 7
30 33
25 46
38 43
8 9
27 28
11 38
3 30
23 34
9 43
22 42
204 3
49 18 60 52 19 12 59 28 25 41 63 62 66 70 67 17 34 32 64 43 52 38 71 39 37 64 47 19 64 68 68 23 10 1 33 59 41 5 25 49 1 5 59 27 7 68 4 61 41 61 33 22 62 36 37 68 2 18 32 30 5 63 1 61 29 54 69 69 56 43 33 8 62 55 44 53 30 16 32 7 41 50 27 16 4 43 17 9 52 70 10 48 25 46 70 37 51 61 54 57 16 37 2 19 26 40 35 9 35 28 31 38 24 23 69 17 48 52 58 60 27 68 26 51 44 31 59 53 21 9 28 0 65 69 69 50 27 13 11 45 54 52 60 51 31 20 15 47 64 28 56 63 31 52 27 39 30 11 63 15 43 1 29 9 67 65 33 35 19 57 56 44 23 29 34 52 62 16 67 4 22 53 60 33 60 46 7 27 15 18 59 19 38 28 68 36 14 50 15 8 40 35 44 62
52 49 18 60 19 12 59 28 25 41 63 62 66 70 67 17 34 32 64 43 52 38 71 39 37 64 47 19 64 68 68 23 10 1 33 59 41 5 25 49 1 5 59 27 7 68 4 61 41 61 33 22 62 36 37 68 2 18 32 30 5 63 1 61 29 54 69 69 56 43 33 8 62 55 44 53 30 16 32 7 41 50 27 16 4 43 17 48 10 70 52 9 25 46 70 37 51 61 54 57 16 37 2 19 26 31 28 35 9 35 40 38 24 23 69 17 48 51 26 68 27 60 58 52 44 31 59 53 21 9 28 0 65 69 69 50 27 13 11 45 54 52 60 51 31 20 15 47 64 28 56 63 31 52 27 39 30 11 63 15 43 1 29 9 67 65 33 35 19 57 56 44 23 29 34 52 62 16 67 4 22 53 60 33 60 46 7 27 15 18 59 19 38 28 68 36 14 50 15 8 40 35 44 62
106 111
88 92
118 124
300 173
2 7 25 24 6 7 27 17 20 21 27 27 24 16 13 15 18 27 24 17 9 9 8 26 14 14 17 7 1 13 7 24 3 2 7 12 1 28 28 12 9 23 5 21 12 27 11 6 2 9 26 16 2 4 2 22 12 12 15 5 20 25 6 7 15 0 6 8 13 1 12 27 8 19 24 17 0 11 22 4 8 4 23 6 3 23 21 7 8 9 11 5 15 26 1 11 26 25 2 23 25 17 5 20 22 18 4 10 4 2 26 23 28 18 15 16 13 13 16 25 23 28 13 1 13 19 28 3 12 0 0 13 19 7 9 16 7 24 11 12 0 8 27 18 27 17 3 0 11 22 2 19 15 26 20 19 0 20 3 28 12 22 23 4 20 12 0 15 23 16 5 22 11 2 3 23 0 27 20 19 7 10 15 20 6 25 3 19 5 9 14 12 23 9 26 12 4 8 4 1 2 5 23 27 18 20 4 17 11 23 0 23 10 21 23 8 24 13 27 19 21 1 10 4 6 4 2 7 7 27 13 22 6 16 12 22 2 15 18 14 15 12 3 13 8 14 14 12 17 4 25 18 14 7 9 3 3 15 10 2 16 8 2 15 9 22 21 11 1 6 21 13 2 23 20 17 15 28 21 12 27 26 7 0 26 7 26 28 15 22 5 6 10 25 8 3 4 17 1 4
2 18 27 15 13 26 8 16 24 21 20 17 27 7 6 24 25 7 9 1 7 17 14 9 17 24 27 27 14 23 9 12 11 1 12 7 2 3 24 27 12 21 5 28 28 7 13 6 2 9 2 4 2 16 17 24 19 13 8 6 0 15 20 12 26 7 6 5 22 15 12 8 27 12 1 25 3 2 6 23 4 8 4 25 26 15 22 11 0 5 2 4 20 5 11 9 8 7 21 17 25 23 26 11 0 0 13 13 16 15 10 4 18 22 23 12 3 1 13 28 23 25 16 18 28 23 26 1 0 12 11 24 7 16 9 19 13 28 19 13 3 20 0 19 20 26 19 2 3 8 7 17 27 18 27 15 28 16 23 15 0 12 20 22 11 4 23 12 0 0 23 22 3 2 5 19 3 25 6 20 15 10 20 27 23 23 12 14 9 7 19 11 22 5 5 9 8 24 8 23 21 2 10 23 11 18 1 4 4 12 26 27 17 0 14 14 8 4 13 23 4 20 6 4 10 1 13 3 12 15 2 22 12 21 19 27 16 6 22 2 17 12 15 14 9 3 9 18 25 18 13 27 7 7 4 2 13 21 6 15 2 7 14 1 8 16 2 10 15 11 21 3 0 7 22 15 28 26 28 15 17 20 23 22 25 10 8 6 5 26 7 26 27 12 21 3 4 17 4 1
95 99
257 265
148 152
77 85
220 221
229 238
99 104
134 141
135 136
125 129
266 273
87 96
240 247
62 69
69 76
228 236
13 16
125 125
287 290
127 131
235 245
117 118
71 72
121 128
6 7
104 110
210 217
129 133
150 159
110 117
199 203
299 300
12 17
86 94
58 64
206 215
38 42
279 282
207 212
209 212
253 257
197 200
135 136
113 116
110 118
245 248
30 39
279 284
82 86
98 99
98 105
119 119
171 177
157 160
222 225
180 189
260 267
180 182
61 64
229 239
273 281
60 64
25 29
4 8
59 62
17 23
90 90
238 238
143 151
51 55
74 74
69 70
114 121
78 82
261 270
56 61
264 267
5 12
63 68
93 96
251 252
210 213
262 265
227 232
149 155
119 123
256 263
282 289
122 127
129 136
115 125
32 40
183 184
122 127
162 170
129 137
91 93
280 284
285 294
281 281
59 59
219 228
121 128
17 24
163 168
2 12
39 47
214 217
175 181
232 239
222 229
65 71
96 105
6 16
81 84
230 240
111 113
204 211
160 169
170 172
273 275
85 88
61 69
47 47
250 255
30 34
20 28
83 83
148 155
241 249
195 199
194 196
177 187
249 254
198 207
105 115
40 45
245 252
4 13
57 63
158 165
275 284
288 295
72 75
108 115
146 148
185 194
235 240
57 61
129 138
51 53
130 140
37 39
42 43
270 272
208 212
241 243
10 18
215 222
141 151
203 211
287 292
55 65
227 228
249 254
84 89
6 13
25 27
33 38
73 75
91 99
227 236
142 148
