105
2
01
10
1
0
5
01111
10101
11010
10100
11000
3
000
001
010
3
000
001
010
7
0000000
0010000
0101100
0010000
0010010
0000100
0000000
8
00010111
00011010
00011100
11100101
01100001
10110010
11000100
10011000
10
0000000010
0000100100
0000010010
0000010010
0100000000
0011000010
0000000000
0100000000
1011010000
0000000000
5
00000
00101
01010
00101
01010
8
00101110
00101111
11010100
00101101
11010110
11111001
11001001
01010110
1
0
7
0101101
1000110
0001110
1010111
1111001
0111000
1001100
8
01111110
10010100
10010101
11100100
10000000
11110001
10000001
00100110
9
000000000
000000000
000000000
000000000
000000000
000000000
000000000
000000000
000000000
5
00000
00000
00000
00000
00000
6
011100
100100
100010
110000
001000
000000
7
0000000
0000000
0000000
0000010
0000000
0001000
0000000
10
0000000000
0000101000
0000111000
0000100011
0111000101
0010000000
0110000001
0000100000
0001000000
0001101000
1
0
7
0001010
0010001
0100101
1000010
0010001
1001001
0110110
8
01000000
10000000
00000000
00001010
00010100
00001000
00010000
00000000
4
0101
1011
0100
1100
6
000100
001001
010000
100000
000001
010010
1
0
8
01100111
10101111
11010111
00101111
01010011
11110011
11111101
11111110
6
011111
100010
100011
100011
111101
101110
4
0100
1000
0000
0000
6
000110
000101
000001
110001
100000
011100
4
0001
0011
0100
1100
9
010111111
101011011
010110011
101011110
111101101
110110111
100111011
111101101
111011110
2
01
10
7
0111000
1000000
1000000
1000000
0000000
0000000
0000000
10
0010100000
0010010001
1101010100
0010001000
1000000001
0110000001
0001000100
0010001000
0000000000
0100110000
2
01
10
9
010011001
101111001
010100000
011001011
110001101
110110001
000010000
000100001
110111010
10
0100111111
1011111010
0101011011
0110110100
1101010111
1111101111
1110010110
1001111011
1110111101
1010110110
10
0010001001
0000000001
1000010000
0000000000
0000001001
0010000000
1000100000
0000000011
0000000100
1100100100
8
00000000
00000000
00000000
00000000
00000000
00000000
00000000
00000000
8
00110001
00101000
11000111
10001010
01010001
00100000
00110000
10101000
4
0000
0011
0100
0100
10
0000000000
0000000000
0000000000
0000000000
0000000000
0000000010
0000000100
0000001000
0000010000
0000000000
10
0101000001
1000110000
0000011100
1000001101
0100000100
0110001001
0011010001
0011100000
0000000001
1001011010
2
00
00
6
011110
101111
110111
111010
111100
011000
5
01111
10111
11011
11101
11110
9
000110111
000111001
000100111
111010110
110101101
010010000
101110011
101100101
111010110
9
011111111
100011011
100111111
101011111
111101111
111110111
101111001
111111001
111111110
1
0
10
0100011111
1001111111
0000111111
0100110001
0111011110
1111101111
1110110110
1110111010
1110111101
1111010010
9
011111111
101111111
110111111
111011111
111101111
111110111
111111011
111111101
111111110
9
001101110
001011111
110011111
100011110
011100110
111100011
111110011
111111101
011001110
8
00010000
00000000
00000001
10000100
00000101
00011001
00000000
00101100
6
000001
001000
010000
000000
000000
100000
7
0000100
0000000
0001000
0010000
1000000
0000000
0000000
6
011111
101111
110111
111011
111101
111110
4
0110
1011
1101
0110
7
0100011
1001101
0001001
0110101
0101001
1000001
1111110
3
001
001
110
7
0111111
1000011
1001101
1010111
1011011
1101100
1111100
9
001101100
000000001
100010011
100000001
001000001
100000110
100001000
001001001
011110010
3
000
000
000
8
01111100
10110111
11011111
11100111
10100011
11110011
01111101
01111110
9
011111111
101101111
110101011
111011101
100101111
111110110
110111011
111011101
111110110
2
01
10
3
010
100
000
4
0111
1001
1001
1110
9
000001000
000010000
000010100
000010000
011100001
100000010
001000000
000001000
000010000
10
0000000101
0001010001
0000000001
0100000010
0000000110
0100000000
0000000000
1000100011
0001100100
1110000100
2
01
10
4
0110
1001
1000
0100
9
011111001
101100101
110111111
111001111
101000111
101100111
011111010
001111101
111111010
3
000
001
010
10
0111101010
1000000100
1000011110
1000001110
1000010110
0010100101
1011000110
0111111010
1011101101
0000010010
9
011100010
100011000
100110100
101001010
011000101
010100111
001011000
100101000
000011000
9
011110111
100101110
100111111
111011110
101100011
011100111
111101001
111111000
101011100
2
00
00
2
00
00
3
011
101
110
9
011111100
101011111
110111111
101011011
111100110
111100111
111011011
011111101
011101110
9
011010111
101111100
110111111
011011111
111101010
011110100
111101000
101110001
101100010
4
0100
1000
0001
0010
5
01111
10111
11011
11101
11110
1
0
2
00
00
2
00
00
9
011000010
100011000
100101001
001011100
010100001
011100011
000100001
100001000
001011100
9
011110111
101111111
110110111
111011111
111101111
010110111
111111011
111111101
111111110
6
000110
000100
000011
110011
101100
001100
3
001
001
110
9
001000010
000010110
100001001
000000000
010000101
001000001
010010001
110000000
001011100
4
0111
1011
1101
1110
10
0000001000
0001011011
0001000010
0110101010
0001001101
0100000000
1101100010
0000100011
0111001100
0100100100
9
001011101
000111010
100001100
010010101
110101111
111010010
101110000
010011001
100110010
2
01
10
5
00111
00000
10001
10001
10110
6
000000
000000
000100
001000
000000
000000
8
01101111
10011000
10001011
01001111
11110101
10011010
10110101
10111010
10
0000000000
0000000011
0001000001
0010100000
0001010000
0000101000
0000010000
0000000000
0100000001
0110000010
6
011011
101110
110111
011011
111100
101100
7
0011101
0001101
1000101
1100110
1111000
0001001
1110010
15
011110011001111
101101111110100
110111011110000
111011111101111
101100111111111
011100111111111
010111011111110
111111100110111
111111100011111
011111110010100
011011111101001
100111101010110
110111111101001
100111111001001
100111011010110
15
011111111001100
101110111111101
110111101101111
111011111011011
111101011011011
101110111111011
111101011101111
110111101101001
111111110111111
011001111011111
010111001100101
111111111100111
111000101111000
001111101101001
011111111111010
15
010100100001001
101100000011101
010001000000100
110000101110010
000000101001100
001000000111011
100110010001000
000000101001100
000110010101011
000101001000010
010101000000100
110011111000000
011010010010000
000101001100000
110001001000000
18
001000000000000000
000000000000001010
100000000001010010
000010000101000000
000100000000000110
000000001000000000
000000000000100100
000000000101000000
000001000000100000
000100010010001100
000000000100100000
001100010000000000
000000101010000000
001000000000000100
010000000100000010
000010100100010001
011010000000001001
000000000000000110
18
011100101010101001
101100111101111111
110001111010101110
110010111111111110
000101011111100110
001010111111111011
111101010110110111
011111101001010110
111111010111111101
010111101010010101
101111101101011111
010111011010001111
111111101000010101
010101111110101011
111101001011010101
011110111111101011
011111110011010100
110001101111111100
