100
8385 11
2861 3
9571 9
6603 3
2505 7
372 18
8006 7
8346 5
2137 15
7463 7
7018 20
8097 5
4067 11
715 10
6785 17
8311 18
7617 9
7753 3
9314 13
7446 3
7901 3
1947 19
4807 18
2187 17
9515 15
7305 8
1092 6
4966 14
3606 8
4638 16
7588 11
8562 11
5719 18
7566 4
6331 15
6407 15
6439 13
7210 9
6507 16
4039 13
4796 2
3522 15
4988 5
9043 16
9766 20
3886 13
2089 5
5218 18
5111 19
5318 3
612 14
2801 16
9296 2
3571 7
9296 12
4792 16
9822 11
448 2
5749 18
627 9
143 6
6581 9
4761 9
3493 8
7237 2
2220 15
3065 11
7431 7
7546 19
2590 19
2454 6
636 11
4185 13
3740 5
8343 15
9032 10
2138 7
7651 8
4273 9
8236 9
1416 10
4438 14
5072 6
2028 6
4636 9
9516 7
9230 1
956 14
8737 15
1093 12
6166 2
5040 7
8773 4
7792 5
3997 2
9249 16
5493 19
2244 1
7435 18
6522 12
