0 0 0 2 0 0 0 0 2 0 2 0 
1 0 0 2 0 0 3 0 0 1 1 1
1 1 1 1 0 0 2 0 0 3 0 0
3 0 0 1 1 1 1 0 0 2 0 0
2 0 0 3 0 0 1 1 1 1 0 0
0 0 0 2 0 0 3 0 0 4 0 0
0 0 0 0 1 5 0 2 5 0 4 6
0 0 0 0 0 0 0 0 0 0 0 0
-1345 1942 3217 136 3822 130 -571 5023 -4795 -2699 -9979 3978
-9569 -9925 5344 -6954 -165 -1210 -4826 3833 8362 -3374 -7006 8521
-4362 -6121 -4209 -2678 1430 -1168 -1914 4166 5655 1666 841 5149
3982 7101 9027 2930 2886 9641 6317 8553 -9413 9729 2775 -4629
-2561 -8674 -9750 1492 -902 -8383 7584 3675 -1813 -2557 4288 4419
-8948 -7742 -8004 -174 7377 2317 -5492 -4458 -7792 -7873 -5648 -3060
2902 -354 144 2893 8437 -4209 -9662 -9281 -8874 8283 -7248 -2216
-5967 1378 -2765 -5517 -2000 1446 3766 7113 -2777 -9551 3190 8557
-760 -8805 -6594 7755 -6314 6937 -6173 -1736 -3070 -4332 7195 -7900
6771 1441 9614 9192 -8406 3700 7964 -3540 2912 2149 -1676 -3309
-5201 -5379 -943 -2568 -7608 -4907 -1779 -6377 6124 -5251 799 8402
-4809 -5963 9680 2651 5232 6964 -4562 -1514 -8344 1165 -5950 4362
-1458 -686 9852 -693 432 -4371 1496 479 -9304 5345 1023 -5496
-7925 -8026 -6971 -2176 8318 526 -8477 -4436 -9179 3500 2195 -2653
7522 -2879 -8302 -7018 6771 6083 -5654 -8408 -9171 3353 4625 8138
1024 7124 666 -480 -7038 3641 9470 -5271 -9987 -1556 -258 -8114
5950 1903 9385 9099 -2362 -5706 828 1173 6489 -1656 -8467 6350
-8389 -3026 7063 881 3620 1931 -23 8733 8348 -1818 -7456 -4427
-6914 -3218 2319 9519 6787 -3569 -6642 8571 -9983 -1524 -1812 1856
2167 -449 -5918 1072 -569 3371 -1687 3799 4641 1882 -8841 3389
7581 -8060 361 5679 4290 -70 2148 -33 3547 8715 8907 -6151
-8023 -4529 9810 3995 -8296 5188 5696 34 -4225 -6746 -8873 -4990
724 -2043 1980 -7332 -3955 8084 2209 -8940 9345 4651 9865 -3967
7859 -905 -9795 3680 642 -604 -8408 -9543 861 1468 -344 3353
-3266 5653 5685 6997 -5958 -9344 -1384 1668 5929 2498 531 -6901
-623 -9913 5832 9952 -9027 -619 6991 7261 -1949 -4957 -8904 2554
7183 9475 9011 -1168 317 3979 -3802 -1208 -7936 -9637 -4795 214
8641 -5912 2259 -2265 113 -3336 -5835 1707 4833 -3310 5440 234
-4637 -2866 -8841 -1376 1911 -7096 9455 -7850 -5658 3291 -9038 -9504
9314 5277 -3508 -8526 -3375 7681 3817 8147 -1693 -7967 -4601 -3599
-5575 -4540 257 9753 5826 6230 -6028 5971 1292 6692 7490 799
2223 9913 -1344 -2123 3561 -2508 2920 -5254 -1089 -3444 -3325 -6618
9416 7842 8623 -6113 -677 -5490 -4138 141 6944 9486 -4810 -3666
5694 -6745 -3583 -5356 160 6066 3057 960 936 -5711 -1566 3120
-3648 -2700 -9632 5711 -1842 1162 975 8856 -6942 -6369 -4993 -2882
1295 -6516 8608 4914 -4310 3303 -127 8054 7325 6358 294 -3155
-843 9770 -6464 -4777 -4128 -9818 8823 -3375 -6550 -8505 1548 -8896
8875 -7243 -4187 496 -2305 5959 8552 6408 -5421 -7691 -1641 8561
-1741 7857 -9904 -5465 -9179 7693 -3398 -6992 -488 -1710 5418 -6401
-4048 8193 6857 -5448 -3673 -7845 5457 -875 -9835 8159 -6501 -5107
-8812 -1764 -7197 7282 -4770 3320 1026 6690 -6842 -3031 1589 8400
9249 -3822 -4252 -9215 5774 -9976 1169 2965 -4931 1823 -7940 -6616
8201 -8455 -5411 -8285 2061 2858 7417 -404 2514 -8563 8193 -9161
-9148 -5298 -5630 1305 -5472 -5693 6605 7194 2627 2973 3121 -3368
8032 -7301 -582 735 -4706 -7366 6723 3866 -1347 -7400 5646 4658
-9244 -6548 4128 -1957 -2605 1559 8893 7780 2601 -9994 -1861 9440
-6610 -6995 7752 4784 5731 -7768 -1763 -9195 -5679 4712 6779 -8177
6893 -4652 -5049 5146 330 5284 -6221 -3449 -2193 902 7123 -7107
-6750 -1553 3406 -5782 6226 -2985 -7083 2175 -2867 1477 -8740 1978
9086 7005 -6370 -5150 -6440 -597 1657 3349 9976 4496 -9652 -2883
3325 -3507 9637 -7762 3152 3273 9079 2891 -7678 -331 -8152 7077
3221 -6487 -7697 2858 -7930 -5932 3541 3039 1296 -5158 4828 3474
3836 1135 354 5864 -9388 -5783 8062 5974 -800 -9579 -1872 -8671
4418 5171 -66 6710 -3760 7027 -1410 3696 3296 -1249 8233 737
1105 2054 5951 5848 9152 -4006 8662 2691 7866 -3599 -6267 -4046
1383 -3543 2185 855 -6246 4794 3666 -8168 -1532 -9104 330 7763
-3871 7482 -5626 6090 -381 7519 -6453 3139 -1195 4030 -3866 8523
-5798 -9140 9307 -4303 -881 7237 -6605 -6885 -8911 3997 -4132 -1346
57 -8077 9301 9279 -7749 -322 -2609 -4545 8457 558 2553 -2472
5881 3515 4415 3691 5590 -5236 -2543 8470 -3928 3417 -6893 5086
808 2857 6544 6293 2475 -2338 6023 -5869 9858 1147 -6790 -8199
5839 3136 -5869 4810 -7146 -5122 3648 8332 -9423 -3025 7381 799
7176 -5368 -2587 6613 6360 -1225 6147 -1991 -6048 2596 -825 -7285
-1600 7874 92 -986 9023 -3049 -7390 -8953 -5098 -1912 5233 6418
-6978 5266 9522 1502 -4708 -939 -4923 -6430 507 -9266 -475 -4952
-5302 -2667 -2357 8015 -1340 -13 549 -8771 3883 5385 9323 -2338
-3343 -3619 975 -5932 -6740 -8035 -7505 7350 483 9278 -6754 8581
-1496 -414 -9607 532 -2372 -3290 6464 -1037 8941 3853 -5591 4133
6877 1561 -6558 7239 -3468 -6491 6248 3017 9154 7268 9290 -950
-1244 -265 213 -320 -8914 -2758 -2606 4363 7689 8284 3077 4766
8553 -235 4528 -391 -9324 -6392 8384 -3777 -7388 -8870 2088 -8165
-3851 8896 5252 -6829 5808 616 -1985 4661 -1101 406 8787 -1867
-1441 -1500 -662 -4550 162 5307 9337 6364 5005 4202 -9783 4536
9739 -8613 7240 -6548 -1672 2612 -2456 8830 4805 -1298 2470 -3874
-1578 -4113 4444 -3959 -7829 -3517 -8866 5395 -1165 5070 2036 9466
9434 495 -4854 -1927 4539 -3876 3903 -8725 -2998 -1487 8676 -1850
8589 -8013 1638 -8750 -7770 -8127 -376 -5443 6762 -3908 -5384 8535
-2312 -1605 3137 8086 797 798 -9738 7987 -2933 375 1101 -8596
174 -1262 6678 -4220 -6465 4667 -3326 5166 2864 -1710 -1483 7975
-7051 8090 2071 4985 2269 4708 7563 3170 -6522 -8151 1553 -670
