9025057 4566616 7108815
9019993 1998888 5319124
9040506 3959967 6552512
9009858 6172542 7211344
9001546 8731912 9630383
9019022 4446176 9829638
9029474 1486208 7825017
9008499 5957826 6739043
9009245 5614574 4692560
9011723 8361925 8460760
9004186 7112981 4622680
9016906 217841 9657087
9016841 7192100 3195995
9036777 4982275 1269614
9023495 2532524 1861765
9023027 2145562 6429013
9044022 969958 6690372
9047851 8502757 5029200
9011010 2447404 1460928
9008187 3607142 7526401
9006094 8005082 7022802
9053337 8178384 555873
9021089 8423760 2914441
9053177 1492910 4945003
9014131 4402492 5064904
9009114 3502800 8687821
9014649 3847942 5042005
9029730 4063103 362320
9000689 3179838 173028
9025073 3843162 6993668
9022458 7821760 2777092
9044611 7300366 2896026
9047405 107935 9092206
9018002 487232 305300
9037447 2521704 7918299
9027769 1410596 4365824
9014123 8171952 4951140
9018489 4293143 260048
9028365 2135952 8229784
9008906 1484080 9723977
9008094 621568 8475566
9048981 9254330 4742490
9008963 8176512 8130200
9013310 848352 8028060
9023685 892740 8533445
9025822 1103272 5791760
9016699 3477152 7902020
9043045 4870186 162387
9020806 3080704 9217701
9003754 224112 5206590
9042259 8736747 2846352
9044574 4093242 2366578
9012905 2279864 9934244
9030266 1829804 3603418
9033697 7193815 9482448
9005501 2907216 4529680
9031142 6619317 2382944
9035657 4082408 6638438
9016571 3565144 7321028
9027694 5611776 4134023
9020499 813270 3496024
9050674 7159857 881523
9022354 3292705 5889028
9034307 8153193 1943655
9019821 8868528 7757386
9045365 1481939 7925252
9028779 2094437 8292563
9035985 5379379 6872000
9034505 5842202 1687240
9004562 7230836 1673348
9034798 3333856 670024
9020905 3412164 5570720
9007923 1062844 6660992
9018895 5937331 6079454
9043354 2292080 1840230
9016402 1062000 291287
9000907 6150732 678400
9035978 1791726 14110
9020345 3206484 9483661
9034027 2160756 528696
9015082 8280289 7974818
9021827 29384 7875992
9034094 8188588 1227542
9014430 9682698 6980062
9000733 9384704 3669351
9014493 5230680 6090670
9051355 4948245 2353898
9022579 377120 3273170
9024137 6327879 3849560
9011834 2176898 766278
9024637 2409475 8893983
9001769 2712388 3277366
9002607 5086216 7756922
9038238 3122986 2278400
9016927 5500275 8023530
9037342 5889332 6803901
9006811 7800507 5392123
9008059 42439 1384456
9028131 994316 3974670
9007118 4688875 6092358
