20
10 4
1 82
3 75
6 58
8 53
10 6
1 77
2 74
3 69
4 59
5 55
7 38
10 6
3 60
4 60
6 50
8 36
9 27
10 2
10 5
2 86
5 75
6 42
7 29
8 12
10 7
2 84
3 63
5 52
6 47
7 31
8 18
9 10
10 4
3 73
4 64
6 43
9 26
10 2
8 19
9 7
10 6
3 88
4 88
5 88
6 81
7 76
9 29
10 3
3 66
7 27
10 11
10 6
3 83
5 58
6 55
7 51
8 49
9 31
100 39
4 98
9 93
10 93
11 89
18 82
22 78
24 77
25 76
26 76
30 71
34 62
36 58
37 58
38 56
43 53
44 52
47 49
48 48
49 48
50 47
53 44
54 43
55 42
56 41
60 38
61 37
66 34
70 33
73 30
75 29
78 26
79 23
80 22
87 16
88 13
89 13
90 13
94 7
96 5
100 39
4 99
5 98
7 94
8 94
10 89
11 88
17 85
19 84
20 84
22 81
29 75
31 75
34 74
37 70
38 70
42 66
44 65
46 63
47 62
51 57
52 55
54 53
57 52
59 50
60 48
68 39
69 39
73 35
77 29
80 27
83 25
88 14
89 13
90 12
93 9
95 7
96 7
97 6
99 2
100 48
2 98
5 98
6 97
8 94
9 93
10 92
12 87
13 87
14 86
19 79
20 77
22 74
24 74
25 74
28 69
29 69
30 68
31 67
33 63
36 59
38 56
39 56
44 51
45 50
46 50
47 49
48 49
50 49
51 48
53 47
54 45
57 42
59 40
61 38
65 35
66 35
72 27
74 21
75 19
77 17
79 16
81 13
87 8
89 7
94 3
96 2
97 2
100 0
100 51
1 100
2 100
8 97
9 96
14 94
15 94
18 91
21 89
22 87
26 85
28 80
29 78
30 77
31 77
32 76
33 74
35 73
39 68
41 65
42 62
43 61
45 60
46 60
48 59
50 55
52 54
54 52
57 51
59 49
61 47
62 46
63 42
64 42
66 39
68 35
69 34
72 31
74 30
75 28
79 21
81 20
83 18
88 13
90 10
91 10
94 6
95 6
96 6
97 5
98 5
100 0
100 48
2 100
3 99
4 99
5 96
10 90
11 83
13 81
15 80
17 80
19 78
23 75
29 65
30 63
31 63
34 60
35 59
42 48
43 48
45 45
48 45
50 44
51 44
52 44
53 43
54 42
55 40
58 38
60 36
61 35
62 34
67 30
70 27
71 27
72 26
73 25
75 23
77 21
78 21
79 20
81 18
82 18
84 17
88 12
89 12
94 8
97 7
99 1
100 0
100 55
3 98
4 98
8 97
11 94
13 92
17 89
18 89
19 87
20 86
21 85
22 84
24 81
25 81
27 78
30 75
35 64
36 64
38 62
40 59
42 55
43 55
45 53
46 52
47 48
48 48
52 47
54 46
55 46
57 44
59 44
61 43
67 34
68 33
69 33
71 31
72 31
73 31
75 26
76 26
77 26
78 25
80 24
81 21
82 21
83 16
85 15
86 15
89 10
90 10
91 9
94 6
96 5
97 4
98 2
99 1
100 47
4 87
8 81
11 79
13 78
14 77
15 77
16 76
17 76
18 76
19 76
20 75
21 72
25 68
29 63
31 61
34 59
37 51
39 49
40 49
41 48
43 48
47 44
48 43
49 43
50 42
52 40
54 39
55 39
57 38
62 35
63 34
65 33
68 32
69 31
70 31
71 31
73 29
75 29
76 29
79 24
87 16
89 13
90 12
96 3
97 2
98 2
99 1
100 46
8 84
9 81
10 79
14 77
16 75
20 69
21 69
22 68
26 66
27 66
29 65
31 63
33 63
36 61
38 59
40 55
41 54
45 53
47 50
51 47
53 46
55 44
56 43
57 43
58 42
60 41
62 40
63 37
66 36
69 29
70 29
73 26
75 26
79 16
81 14
82 14
84 13
85 13
86 12
87 10
88 10
89 9
90 9
94 7
98 3
99 3
100 48
3 96
5 93
6 91
7 88
8 88
9 87
10 84
12 82
14 76
15 76
18 70
19 70
20 69
21 66
29 54
30 51
32 49
34 48
37 47
38 46
39 44
40 43
44 40
45 40
46 39
48 39
49 37
51 34
52 33
56 31
59 29
60 29
61 27
62 27
63 27
64 26
66 26
71 21
74 19
75 18
76 16
78 14
80 14
81 14
84 11
87 10
96 3
99 1
100 46
3 97
4 95
5 94
6 94
10 92
13 90
14 89
16 89
17 88
19 85
20 85
21 85
28 81
31 77
33 76
37 73
40 69
42 68
43 68
44 68
47 66
52 53
54 51
55 50
56 48
57 47
58 44
60 42
63 40
64 36
66 36
67 34
69 32
72 29
73 28
74 27
82 21
84 19
85 18
87 13
88 12
90 11
92 9
95 6
96 4
100 0
