103
3 3
1 10
0 21
3 15
2 2 1
3 3 0
2 3 1
3 0
0 1
1 3
3 4
3 3
1 10
0 21
3 3
2 2 1
3 3 0
2 3 1
5 9
14 15
10 13
12 14
12 12
13 13
2 2 1
2 3 0
2 4 0
1 3 0
1 4 0
3 5 0
1 3 0
3 5 0
3 4 1
5 14
13 15
15 15
15 15
15 15
13 15
1 2 0
2 4 0
1 4 0
4 5 1
5 5 0
1 5 0
1 2 0
1 5 0
2 3 1
1 2 0
4 4 1
1 2 0
2 2 0
3 3 1
5 2
15 15
13 13
11 14
11 14
15 15
2 5 0
2 2 0
5 13
15 15
11 13
13 15
14 15
14 14
4 4 0
2 4 0
2 5 0
5 5 0
3 4 1
2 5 0
2 4 0
1 3 1
1 5 1
3 4 1
1 5 1
5 5 0
3 3 1
5 6
12 13
11 15
10 10
11 14
13 14
1 2 1
3 3 1
2 2 0
1 5 0
1 5 0
3 5 1
5 3
11 15
13 15
14 15
14 14
13 15
3 4 0
1 1 0
2 5 1
5 5
14 14
15 15
11 14
13 15
14 15
2 5 1
3 3 1
2 3 1
1 2 0
2 3 1
5 7
14 15
14 15
11 14
12 13
13 14
1 2 0
4 5 0
4 5 0
1 4 0
4 5 0
2 4 0
2 4 0
5 1
14 14
12 13
10 10
13 13
11 14
2 4 1
5 14
15 15
13 13
15 15
12 12
11 11
1 4 0
1 4 0
1 4 0
1 4 0
1 4 0
3 5 0
2 4 0
3 4 0
1 4 0
2 4 0
3 4 0
1 2 0
1 5 0
4 4 1
5 6
14 15
10 15
11 14
14 15
13 13
1 5 0
1 5 0
3 5 1
3 5 1
1 3 0
4 4 1
5 8
10 12
13 15
12 14
10 11
14 15
1 3 0
2 2 1
1 3 0
3 3 1
3 3 1
1 1 0
4 5 0
1 2 1
5 3
11 14
15 15
15 15
10 11
15 15
2 2 1
1 4 0
1 4 0
5 11
11 14
15 15
11 15
12 12
13 14
3 5 1
1 2 1
1 1 1
1 1 1
1 2 1
3 3 1
1 3 0
1 2 1
4 4 1
1 1 1
3 4 0
5 4
14 14
14 15
15 15
10 12
11 15
1 5 0
2 5 0
2 5 0
1 5 0
5 7
15 15
10 14
13 13
14 14
15 15
2 3 0
3 4 1
1 3 1
1 5 1
3 3 1
1 4 1
1 2 0
5 15
11 14
15 15
15 15
11 12
15 15
4 5 1
3 5 1
5 5 1
2 2 1
1 5 1
2 3 1
3 4 0
1 3 0
2 5 0
3 3 0
3 3 0
1 1 1
1 1 1
4 5 1
4 5 1
5 12
14 14
10 10
12 12
13 14
13 15
2 5 0
2 3 0
1 4 1
2 3 0
2 3 0
1 3 0
1 2 0
1 2 0
1 3 0
3 5 0
3 4 1
3 4 1
5 4
13 14
12 14
10 14
15 15
15 15
1 4 0
1 5 0
3 3 0
2 2 1
5 13
14 14
15 15
12 15
10 15
10 12
4 5 1
3 4 1
4 5 1
2 5 1
1 2 0
1 3 0
1 5 1
2 3 0
1 5 1
2 5 1
1 4 1
1 1 0
4 5 1
5 3
641731565 841038789
237585496 550298094
299931317 596032198
975349898 990135978
817690798 922563467
4 5 0
1 4 0
2 5 1
5 3
256399554 623683052
22699716 587118808
121063780 432451471
704881272 783882775
705460701 714811868
5 5 1
4 5 0
5 5 1
5 1
805550377 978743532
168935494 600415871
285139426 540887972
723221868 883609946
504833615 834028581
3 4 0
5 5
115218924 531118360
375561266 986486578
816756678 949924219
391522818 886743766
684618136 918758810
1 5 0
1 5 0
3 5 1
1 1 1
1 3 1
5 8
145144922 385753807
777990262 833382519
71346501 558128119
593985005 638633288
681222532 998921670
4 4 1
4 5 1
3 3 0
2 5 0
2 4 0
5 5 0
1 1 0
1 5 0
5 2
322337018 857926625
552962475 676324193
7448991 902761884
626560658 709618227
522315040 933209735
1 1 0
1 3 0
5 4
913487604 962793127
201745896 370746001
366920274 899813027
953320957 963170886
768466839 782191458
1 5 1
4 5 1
1 3 0
1 2 0
5 7
375636071 759325215
122940810 733991454
464155679 974462147
18866919 903469697
174161540 415194991
2 5 0
5 5 0
3 5 1
2 3 0
3 5 1
3 5 1
1 5 0
5 8
210741836 595470577
574016318 716138661
184318272 902860689
883406197 946029027
739705419 852707375
4 4 1
3 3 1
3 4 0
2 5 1
1 1 1
1 2 0
1 2 0
2 4 1
5 5
731786047 834583822
466624209 726478405
89776696 879210687
278758050 998480012
885810562 952916419
1 4 1
1 4 1
2 5 0
4 5 0
3 4 1
5 14
83323568 94176029
588327599 930289207
435206294 778519062
171276663 416100664
409022212 676109812
3 4 1
1 2 0
3 5 0
1 2 0
1 4 1
1 5 0
3 4 1
1 5 0
4 5 0
4 4 1
1 5 0
1 3 0
2 4 0
5 5 1
5 6
743739013 822447390
717629047 980906705
545969730 788908343
390428314 943163300
909529507 920054538
1 3 0
1 5 1
2 4 0
1 3 0
2 4 0
4 5 1
5 0
231077759 654159191
316827628 832845833
290466313 317537682
342509224 400215329
362538741 464580869
5 15
515228227 831142639
494732199 550382626
988421724 995201748
967164371 994561691
660598166 772649358
1 4 0
1 4 0
1 3 1
2 3 1
3 4 0
1 4 0
1 2 0
4 5 0
2 4 0
4 5 0
4 5 0
1 3 1
4 4 1
1 5 1
3 5 1
5 2
327384917 351648257
697767085 902818913
778778827 953290712
181668397 335678045
398110617 532776026
1 4 0
2 3 1
5 14
859256503 955146988
93506117 817930426
972601661 980109957
485120445 985202637
8850938 214746472
4 4 0
4 4 0
2 4 0
2 3 0
1 4 1
1 2 1
2 4 0
1 5 0
2 2 0
2 3 0
1 5 0
3 4 0
3 4 0
2 3 0
5 15
171437056 606218017
237789781 261139529
886656838 902417696
192452488 454045949
911604198 993487895
5 5 1
4 5 0
1 4 1
2 5 1
3 4 1
2 3 1
3 3 0
3 3 0
2 3 1
5 5 1
1 4 1
4 5 0
4 5 0
2 4 0
1 2 0
5 9
855532712 937469411
855664049 955813527
358312263 785672270
429296357 457017813
822094394 834739247
2 2 0
3 4 1
3 3 0
2 2 0
4 5 0
3 5 0
2 5 0
3 5 0
2 2 0
5 5
146845447 479205843
268095476 297831074
448953985 754829507
463069371 599650703
214285516 810414735
4 4 1
4 5 0
1 5 0
4 5 0
2 4 1
5 14
908752241 997035013
637271489 853932242
971407214 991142400
384636596 435568500
429969450 590961236
2 5 1
1 4 1
4 4 1
2 3 1
3 4 1
2 5 1
3 4 1
2 4 0
1 1 1
1 2 0
4 5 0
2 4 0
3 5 0
1 4 1
5 9
102946672 501408143
495883306 531357339
678123967 762144314
924275556 956303957
320562164 860567346
2 3 0
1 4 0
1 2 1
2 5 0
2 4 0
1 3 0
2 4 0
2 2 1
2 3 0
5 4
986513611 987071957
210113201 218029704
927608396 935476413
747512043 858389741
653784905 957877759
1 3 0
1 5 1
3 5 1
3 5 1
5 3
394519016 711700717
230351761 660782064
897103384 969806437
932458724 978332152
169404480 330032305
3 5 1
1 5 1
1 3 0
5 14
129288841 329563583
314922261 381482409
847854470 919768133
421504460 748567935
796412294 973088652
4 5 0
2 4 0
1 2 1
2 4 0
4 5 0
3 5 1
4 5 0
1 2 1
3 4 0
2 2 0
1 1 1
3 4 0
1 3 0
3 5 1
5 10
630958529 711433181
867491641 894945896
97660809 100192505
454733765 839398741
787808720 893681062
4 4 0
2 4 1
2 5 0
1 4 1
1 4 1
2 5 0
1 4 1
2 5 0
1 2 1
2 2 1
10 8
101944929 306864639
944096822 953902012
953245506 999668091
41853864 511177125
782957648 789284825
769418945 819739350
532164253 763519489
10491446 444522322
94318769 901327258
98969529 457304295
4 5 1
8 9 0
1 3 0
2 4 0
1 7 0
1 3 0
3 10 0
4 9 0
10 8
531081237 888913126
83931938 900237759
630529864 658203563
895919790 930987315
596096057 768534000
708788598 915890598
176421461 979775849
18779768 675836728
586937111 681653195
176357330 424487114
5 10 0
3 5 0
2 10 0
1 6 0
6 10 1
4 5 1
6 7 0
3 5 0
10 4
920765726 941222008
996308212 997210241
15200860 610881450
423437993 922004101
528280620 675990346
743631635 841160767
594954656 641343833
103169918 511953522
52929876 59847044
543889001 752214117
6 10 1
4 8 1
3 3 0
9 10 0
10 10
657921492 744661582
492782430 811300382
144709781 313585620
864825593 914132315
327816013 425547953
132531931 943049368
285734499 474582455
282097312 467103685
779323340 960793279
899172733 958928858
1 6 1
3 10 0
3 10 0
8 9 1
5 10 1
2 8 1
4 8 0
2 6 1
4 5 0
4 5 0
10 5
250328268 753272899
786029416 980807354
926584611 932192985
929091052 982389205
335778097 789543316
732751097 880076537
404214048 605157208
806087093 859114175
773212014 847310256
787871713 974579018
5 7 1
9 10 1
4 10 0
10 10 0
7 9 0
10 9
72122073 399476764
222640175 648233010
630059198 870779538
492428203 732175656
38792662 497464423
19439554 670550093
341567804 347605444
195392501 368263154
628106807 635649944
730223209 844808674
1 2 0
3 7 1
4 7 0
5 6 0
5 7 0
3 9 0
6 10 1
5 9 1
2 8 0
10 7
671164200 687030357
81596104 227357935
79609900 996188846
694419567 966680443
539326556 791588222
479325303 731925763
864465224 957185880
466275704 740155443
919762606 934386498
52722797 126187843
6 9 1
5 9 1
1 10 1
8 10 0
6 7 1
2 9 1
2 5 0
10 1
820696220 908438713
847707947 942409335
259517889 774394255
75745366 753151870
263696835 316424193
459489005 784627660
905657623 939838534
906554644 950280931
692205376 965875943
756814975 800304166
1 4 1
10 8
399188091 786822222
284377709 980405208
170755858 847619991
276804688 474521255
785491496 991043022
768378785 842942375
189996214 626459672
824647573 927163804
954909986 992063063
80595980 992326393
1 7 0
7 9 1
1 6 0
1 7 0
6 10 1
2 6 0
1 1 0
7 7 0
10 10
354403483 456444363
421324252 703597869
964944213 990008815
115374817 796969658
780956012 924722210
427053569 816583087
48109037 939192268
915190589 960115792
423308130 549104127
912689803 931869490
6 6 0
1 10 1
3 7 1
4 8 1
8 8 0
2 10 0
5 6 0
2 10 0
1 10 1
5 6 0
10 3
174749446 181380706
203031824 569409314
618414160 711506384
586444518 907468559
530965503 965872206
390120279 786316572
573544527 581021373
942900186 949460246
70764491 147095068
271078123 500800999
5 6 1
1 3 1
1 4 1
10 0
360149352 727228886
37638043 719132733
956617424 998590725
87665710 312654961
535456097 996373709
835637382 914432519
102934274 585715284
636721655 894722349
341220019 722538894
316845643 757197511
10 7
934465291 989731756
524422711 753031734
906285433 935302674
336126462 596546259
70285658 572440988
484938204 801214968
141798510 876434775
124228398 182911824
478585800 633550127
570509338 921613997
1 9 1
5 9 1
2 9 0
8 9 1
1 1 1
2 8 1
6 9 1
10 1
659246582 703500901
813251795 867229925
157983529 938240891
458996304 902304186
652244334 961728821
425015626 800855302
432727243 714790955
714162659 745984182
25750849 367227155
281967050 793956281
10 10 0
10 7
510039889 997869611
701445058 790739906
958414883 964729763
856970118 979050793
946476063 983281107
550175254 694098973
54235631 315681110
931375698 941977875
823248749 896069448
470632827 643606463
2 8 1
3 5 0
2 10 1
1 9 0
1 9 0
2 10 1
9 10 0
10 2
284617947 521451949
468398889 945627628
552022607 981584538
674989749 945845719
546374279 849704730
280634880 341160784
14342815 974194294
807485096 890624145
287757824 419378830
994923008 997723121
1 2 1
3 6 0
10 0
191322670 441879547
562895729 997202612
641163481 913493681
213664203 500569362
589012361 870523104
500044513 957623851
317688651 950722426
484578281 661995453
813988315 886476112
536143117 568568606
10 5
647660811 996174258
380481444 854006386
907482059 950707407
317248009 603070520
690381188 705603999
675621143 713593053
17822742 115351877
766199525 766557811
101830052 285831837
213201791 832096143
9 9 1
3 8 0
7 8 0
1 2 1
1 4 0
10 7
668406063 900930852
227375733 587139078
932027036 944344234
116448160 177145961
720798915 840064927
903053821 936452282
93898342 540097664
370196112 659276974
341583870 781708850
73443572 353945511
3 7 0
6 9 1
1 10 0
2 2 0
3 6 0
5 8 1
9 10 0
10 9
535490281 771466160
159167136 487235539
428186590 723753227
337751904 644607772
303620788 877623543
698803937 767260732
365195893 378257597
504406004 774446814
581303869 984444355
292470508 417254885
3 10 1
6 6 1
3 8 1
2 6 0
1 10 0
6 7 0
6 8 1
4 4 0
4 9 1
10 1
387134087 998321598
20226053 291981794
930148574 971824672
992378011 999650063
15454494 67570291
252313115 467329187
283803126 856186660
753976456 784033718
985853032 999033230
704555331 883452282
3 9 0
10 5
501686387 775505864
275798948 329040849
838695651 880125506
535969655 695482524
516757868 980750057
74864831 300003179
705972908 810844163
509275515 710781002
516933208 644328412
166810560 593108391
4 4 1
5 8 1
9 9 1
3 3 0
4 4 1
10 6
353832292 595269132
105318459 425656612
250879009 736128402
664587651 788384476
804080775 867690015
518116175 610099841
335219389 587651608
778819000 853780894
237104904 702213547
823304173 970688731
1 8 1
2 9 1
2 10 1
5 5 0
2 8 1
3 3 0
10 3
360807626 986887902
960458167 972540982
54754319 415873656
931276960 947568500
359960310 582718535
370253582 752196178
263851811 810149699
977058112 988334985
308228539 400193074
710434854 801108776
2 5 0
6 10 0
1 6 1
10 3
891858291 983933005
275093672 529272281
507788867 961143357
906753477 996711025
800668173 863255828
730000935 784275082
703530436 752500606
780502354 887447442
462836342 545598984
990442822 991217762
1 4 1
1 3 1
3 10 0
20 10
110227159 879375430
419056543 852746270
333862536 812549964
78048411 376263037
650087807 684333702
737398354 914387947
256300475 787572545
51011903 313143400
556160980 882144026
240671155 976258575
639885170 721542331
962411601 989483670
860364755 934279124
385739920 806648917
942292553 961155017
910511933 970268219
411891386 650690446
970835702 973007776
251916831 800197798
41454255 178070222
3 5 1
12 14 1
20 20 0
2 4 0
6 8 0
16 18 1
18 20 1
7 9 0
6 8 0
11 13 1
13 6
583843273 796506304
150137693 479913025
143033531 335075591
452113371 916703796
105621108 740570533
381395117 520181380
550548250 694412834
914065894 924533163
617635659 896722280
26656586 118011661
41212056 123329611
520462551 957439993
97177605 446386388
12 13 0
9 11 0
8 10 1
13 13 0
3 5 1
7 9 1
20 10
972077509 985283304
588840275 690273050
543917535 778076716
144489267 428820929
809614660 812177303
316301224 515499681
618929221 925187678
417627466 702415476
736676963 867838541
149088552 400772035
16090837 373258954
550079808 954526553
412069639 777064466
104333576 678656858
526107413 576453297
35182056 390493062
139890260 271941964
356880829 664842042
933371850 968390606
620765528 705527945
20 20 1
9 11 1
12 14 0
6 8 0
7 9 0
19 20 1
15 17 0
4 6 1
9 11 1
20 20 1
11 5
203937088 904090784
569360127 871245326
210616375 682438707
765708771 974843058
752864564 840120157
532340713 791153819
572148707 689089961
744232440 787120970
966254087 977322355
119216203 360529045
725968372 902382791
3 5 1
9 11 0
6 8 1
10 11 1
5 7 1
14 7
447026603 908206781
860257645 863473725
829671662 855730436
837109992 995874229
990455915 993428191
332637970 398962027
962449015 964721037
988753640 992846714
333803354 467309376
749867677 911603176
919061457 974167840
81133080 889127479
334452620 481972704
855068019 953864607
14 14 1
11 13 1
10 12 1
7 9 0
11 13 1
8 10 1
4 6 1
13 6
521225833 601355269
31271496 626226156
200110560 481606839
160609375 243089553
859415389 930707052
33985619 174722725
821951310 919291872
487903455 815132358
498105173 561440985
585993005 817059088
831183049 929221304
305213792 711361949
231584054 306209539
9 11 0
1 3 0
13 13 0
1 3 0
12 13 1
8 10 1
20 10
212044161 544415706
342368768 790425070
276780434 988084738
864813165 974374766
571773660 741299670
910482294 948382246
853142163 921711682
948070652 952933468
13242849 793511509
229344783 866299435
397854817 943390120
456215927 976779889
887112870 988582180
28952622 877870552
209575090 357605640
234280932 969497674
924854399 993509224
640896378 826763812
512649850 579988066
47520647 705578434
14 16 1
13 15 1
10 12 0
20 20 1
20 20 1
8 10 1
19 20 0
4 6 1
13 15 1
16 18 1
19 9
128428139 138784872
899936495 939512092
434816708 734796807
13187409 449738280
375711296 408376643
461077653 788069462
461620482 671073867
797791608 918711722
772888577 986414105
563081932 967953253
882944393 883970046
623587831 651341189
613300154 943701712
14901105 781863756
454352136 653907947
418341194 632909872
466263225 921038897
206327713 540258036
345922922 879250952
19 19 0
10 12 0
15 17 1
12 14 1
10 12 0
9 11 0
8 10 1
5 7 0
2 4 0
17 8
57343538 185251797
839607153 935612848
178229201 183268046
286692562 417413248
291525266 490839128
519189050 734492994
649504187 669791230
180665018 274179786
702696136 986849582
818959574 961980618
441486823 927423574
779899655 798370581
266511483 479616609
525274169 847450740
302652314 691167938
315198541 440967502
508383887 579780468
14 16 1
8 10 0
2 4 1
16 17 1
13 15 1
9 11 1
6 8 1
8 10 0
13 6
438901961 536680387
793120908 879810964
774941771 854666821
996729811 996848749
611910887 707589932
360331566 647054059
328857966 878901044
30397434 901943605
290743913 401954804
64836232 775086494
401795217 768593547
368095900 937348445
390002005 785528602
8 10 1
9 11 0
3 5 0
7 9 1
6 8 1
6 8 1
11 5
457473839 514536752
496978819 648672832
781666944 986750942
829339828 946443353
59016652 795202147
937226054 958550256
11274347 997167116
814502780 940412491
440383531 765422109
143628108 369345438
994157516 998109942
6 8 1
8 10 1
2 4 1
10 11 1
10 11 1
16 8
54187923 415546631
141890865 906739023
186476528 931201303
19409830 225375331
76449015 456946347
799401703 861931551
905329585 984145165
870443734 997517901
554034808 938166114
682240487 989947706
540616060 937254112
264599462 550711306
10824513 805470979
893357358 924502636
57146143 585234321
23781810 951181749
6 8 1
15 16 1
9 11 0
10 12 1
7 9 1
14 16 1
6 8 1
15 16 1
16 8
15555873 70331818
552295131 966945421
239944619 297354390
955396377 969393704
493435790 597680959
631727878 636060359
939803908 987469422
321064390 929334501
726622906 962880305
186161200 239981422
536629328 570816929
941353805 964289798
368029914 718253822
711269085 893688608
698514786 894538293
555975121 735279596
6 8 0
5 7 1
10 12 1
9 11 0
2 4 0
11 13 0
5 7 1
7 9 0
18 9
184604475 855242275
492489466 966721605
663566991 814224719
551372596 845590876
842855395 907124106
690929197 741156272
223436363 605374482
29317746 995732693
140482411 938375519
480995938 746618048
609635837 929788938
817079984 947564304
318134863 391612446
145429732 520773202
771951810 958238941
401997786 719059193
675338828 844535666
401258049 404721851
5 7 1
10 12 1
4 6 1
13 15 0
4 6 1
15 17 0
14 16 0
8 10 0
3 5 0
13 6
849203651 854079863
933819137 962946529
68879660 435885297
912559718 938194164
577257233 944450146
573537957 702745285
165810115 840564015
818605962 939825621
555700264 584777597
70251187 487607672
730502200 785781213
255528980 610825774
264626562 428080435
8 10 0
11 13 1
13 13 1
1 3 1
3 5 0
13 13 1
12 6
54965663 252024182
702258382 914339542
180398529 538246693
464163257 712191633
198266248 274669930
50079516 386398666
118188636 208031890
358763830 644601981
33911032 391303890
686145247 986057548
805813741 990532454
287584767 748542228
4 6 1
11 12 1
4 6 1
7 9 0
5 7 0
4 6 1
13 6
568731787 973491375
934204775 938439038
709926768 858516775
284334033 676419189
920278886 988055640
145667254 650038143
5955872 352201477
548537171 923857888
497797379 896136479
791901656 919840085
430895530 448235608
158241259 298953096
486120548 784667790
8 10 1
12 13 1
2 4 0
13 13 0
9 11 0
7 9 0
19 9
890059276 898034298
239355420 591778989
217958924 812542503
569908229 747823455
390053647 964148246
858406853 910159403
405786700 966458343
274351489 973402219
990001009 996538184
210956045 670194295
875502366 957089405
66244214 947265350
241483112 536360343
15244921 464278317
368088151 853284917
196836617 438361147
577125991 696570832
920013773 976225811
43283211 915222666
7 9 1
10 12 1
4 6 0
6 8 0
5 7 1
9 11 0
5 7 1
11 13 0
4 6 0
19 9
590767851 896898837
31088362 649928228
11471725 922123959
812634844 821970065
927820290 929766983
469228327 991959642
83536477 900015439
975125274 983008637
197844743 476183548
160996886 988641238
706466266 745996294
81282066 660417974
525450886 673147678
266108950 382063619
87834895 228875153
663285952 835999056
922722893 990844510
460184770 710862477
758841450 989720763
8 10 1
13 15 0
15 17 0
11 13 0
19 19 1
9 11 1
18 19 1
14 16 1
4 6 0
11 5
92907113 926907033
763731869 931559420
325163219 923625453
603587710 765423835
205402828 738466332
326886427 480991651
785084586 916026324
320156563 764404830
541796088 692219339
441984380 805961118
432494325 645478072
9 11 0
5 7 0
9 11 0
2 4 0
6 8 0
30 15
627912879 661872449
506255845 624290511
919422925 993568741
991295100 993404504
801361437 830075641
349958951 757763212
330482642 522973843
868867782 944778862
402584853 865783776
173612395 303792371
22592644 872222823
207627485 434981888
475744173 873301864
454380822 879452752
861937560 937523912
347861701 693679732
785675578 803559243
886034893 972185214
946931715 994834568
467232708 489931266
874138193 944225999
664055413 898570348
285752826 528541248
441179230 961966747
776526023 913846715
617995571 669543600
676872435 939249308
418060377 734874390
368809904 731002106
489927532 575964809
1 30 0
2 29 0
3 28 0
4 27 1
5 26 1
6 25 0
7 24 0
8 23 0
9 22 1
10 21 1
11 20 0
12 19 0
13 18 1
14 17 0
15 16 0
31 15
799002817 867111550
49440607 184604631
876884565 956461475
306095716 494445175
71771915 275214998
604953336 652580889
658003899 681582503
588433596 691876598
251723631 420683472
118463685 775331427
98677221 99777002
228304923 955834375
729811472 776391199
679915579 830803369
24832663 642497559
738388374 988280608
386719829 734359895
741457424 743721981
663741655 749946288
536291202 985525154
294042849 933452023
34431544 682329802
730251497 924774667
339579251 515573618
573374363 751151617
689647591 975441214
318977619 426533492
776874047 812479466
884204454 917151554
486806421 600599776
544071129 730899017
1 31 0
2 30 1
3 29 1
4 28 0
5 27 1
6 26 0
7 25 1
8 24 1
9 23 0
10 22 1
11 21 1
12 20 0
13 19 1
14 18 1
15 17 1
32 16
411570340 994758950
241699483 348786209
429966399 609919503
794327884 962649328
633870114 726376008
733403612 848108690
33129120 693980392
870687032 949505736
446551265 645925537
561259619 905773598
618077537 908691046
875895538 987820738
63480175 290325511
535861646 911316675
503176879 861040823
376952950 940616160
538483609 866470524
812877818 900344126
862481912 922327033
971448065 999161418
702234987 784570796
278500740 726224155
730586087 923402686
914639632 918478549
464342579 910739955
416589640 885173101
55873130 256170859
62268513 726797801
313525373 692505132
44859301 525646290
53138607 600590215
653127665 847617003
1 32 1
2 31 0
3 30 1
4 29 1
5 28 0
6 27 0
7 26 0
8 25 1
9 24 1
10 23 0
11 22 0
12 21 0
13 20 1
14 19 0
15 18 1
16 17 0
40 4
528913466 997457906
421937568 573751502
724108280 740170046
402028905 687570001
563283682 980386248
333386127 990295120
614799779 883342703
95614343 871386047
900889144 987824911
226017182 405044035
173976640 391536609
425515460 859781944
611271562 763628289
971401820 986738575
350576781 970314018
663470540 718386737
347286668 898528810
709458827 874350848
426085341 508946331
918331283 980405603
726273908 847139478
565931824 977498993
942378317 989941337
339390447 895543936
52852438 58397930
121270953 755333220
619843643 923885424
825523879 982967985
817151226 947949026
80070423 390493794
66257496 800754930
747008510 966742046
517647233 900497050
641709568 751968229
311422099 993902445
308620635 900029771
380791293 385049445
943968221 986874554
410747700 436801864
9617641 408370516
21 29 0
29 39 0
14 27 1
15 22 0
40 8
472801852 868775549
925988647 937337274
994992027 998785746
344332491 501385926
665151658 901299112
797087461 922279017
377065953 408639969
658048000 854694458
695716841 860387194
829778395 995696093
208065989 771991621
689886351 760012160
963293511 974348176
300548946 505504163
282528710 531023812
547483434 845475452
886490787 898019601
781130281 942994482
547390937 818639375
66039606 924082475
264545479 596079635
241415953 563068949
60815029 175163340
795612011 800662958
415305553 595049703
569888023 868222603
894623048 895238086
606502126 793998923
666883242 841148132
292996992 757086170
386160995 668017560
437405889 465463245
387848688 701936009
599514852 812931142
435515264 946752683
620707513 726994910
713513527 999736871
429951086 610100656
471094085 566121546
518313228 762349711
14 30 0
7 32 1
22 31 0
16 28 1
22 39 1
31 33 1
20 35 1
1 26 1
40 20
305851278 720095712
152484077 351479677
368526164 841757764
346037116 639041519
193027943 366573723
81334200 192854875
579554366 863270156
130920401 992808120
897926497 983636970
339473995 439733341
752296942 864654128
243261054 675807014
841150231 934090144
993172757 993913267
508530338 725468908
565068431 686359599
158691176 877396411
385354177 937096518
903211990 934580573
621362259 726818618
769751663 773842818
639793982 843769382
112120903 129219574
672156500 763774318
818888585 861717565
669858232 809333715
425017331 825852940
657986145 659994160
478807893 939784292
787868828 980838059
601661974 919176392
269660551 380892824
755812271 860958292
278149271 322316062
456652077 888062134
633817107 691707715
597272499 790574695
558632342 704689097
457423094 668740874
505638545 712658485
16 18 1
24 26 1
22 24 1
13 15 0
37 39 0
31 33 0
27 29 1
18 20 1
21 23 0
19 21 1
22 24 1
24 26 1
11 13 0
18 20 1
39 40 1
17 19 0
20 22 0
7 9 0
18 20 1
16 18 1
40 20
154356547 225015941
843005238 961517328
398993746 502587164
930956998 997488851
6898624 558026946
612360772 862136219
618903614 752326968
368129241 766132424
260232977 542329804
763346823 919131534
871821715 930439900
329821599 563526512
898753714 946032018
721423179 774278082
258557808 586772736
197604357 443725865
165949793 317612042
749631262 836540726
44093232 389073185
756260408 887020090
325822234 937000704
712459212 777313919
994394993 998022356
62776741 477546439
91501338 283391503
987214179 988282379
101914640 524550457
527974138 730927121
219214815 520466879
152168240 280829497
357374505 515728523
553008162 988351939
354103589 714806265
764338111 823302577
239083035 767048285
948227148 987902426
691694569 830073904
833838814 915143450
232706433 994956874
322977251 848644982
23 25 0
25 27 0
38 40 0
32 34 1
28 30 0
20 22 1
24 26 1
15 17 0
35 37 1
23 25 0
14 16 1
1 3 1
40 40 1
37 39 1
22 24 0
35 37 1
22 24 0
5 7 0
30 32 0
6 8 1
40 20
745057593 979166674
79181234 142941973
158010324 306417430
717429266 997614235
626257555 666014022
745714577 830472691
86102755 847569357
253415127 820421962
474887237 513448595
750598112 886986011
458653391 857925491
454528123 671468112
243326378 368822574
254997197 663313220
519749525 961510235
822716363 855887927
406526816 605673555
470117827 526228845
462485618 771643109
443920084 660247185
19134276 470252984
522186608 725063818
973585892 995165881
926462689 930104567
940087923 987558218
139335618 212212949
17622951 153046592
355333762 524928126
239727434 787468905
649087461 665362652
843394233 942407015
593031554 683957428
574158693 897706927
111660613 985329708
195368790 927322882
244963055 809757023
625910179 786381326
560777361 822477035
260524283 550590288
255192853 485175464
1 2 0
2 3 0
5 6 1
6 7 0
9 10 1
10 11 0
13 14 1
14 15 1
17 18 0
18 19 1
21 22 0
22 23 1
25 26 0
26 27 1
29 30 0
30 31 0
33 34 0
34 35 0
37 38 1
38 39 0
39 18
398490033 988445885
217617913 786181065
129776480 876878997
72286603 76326737
446744071 751117730
50176926 196326210
720426220 937117269
462378545 540874256
848398439 879551428
238678423 934731337
623090280 983830312
736538360 786471673
177264366 315137067
763443407 780055676
848018577 872098484
558098285 898606691
84804345 520283151
839322997 999422891
61521764 938091737
737796702 910147048
846577956 976606596
558857972 764361651
281258527 756596002
290287064 375355033
784125261 939749374
19964411 168752489
737007934 998438110
49408807 526178910
900203153 923228300
293398646 392199506
805679742 846321878
837250265 857196018
941855565 970834384
585172370 872055869
35107549 541521675
707465402 895442341
554945310 642179158
885906364 986698535
744768151 808302123
1 2 0
2 3 1
5 6 0
6 7 0
9 10 1
10 11 0
13 14 0
14 15 1
17 18 1
18 19 1
21 22 0
22 23 1
25 26 0
26 27 0
29 30 1
30 31 0
33 34 1
34 35 1
38 18
211879627 994709295
705131546 866862430
216306857 533757384
279422656 386054739
937150047 961070507
474905898 564307863
175625121 630473840
753777555 769917118
78075860 384107021
686009133 770024826
3976339 629971493
81623708 614250226
972131886 979502901
152504441 425759799
448579622 935129858
357158864 955546149
267590579 449551636
431721634 682884332
461953086 825246251
716711012 934744200
375263207 567945537
166502527 945472757
346277376 965547008
214383822 718442990
173808015 970911485
849560098 911783161
41822672 877574968
47559873 324501151
521594545 869775840
859481315 928711388
67992405 869790786
800550196 997273958
731604626 881739166
277128021 998951008
342888306 980954691
227060827 918561135
743115702 830853084
424469326 875669099
1 2 1
2 3 1
5 6 0
6 7 1
9 10 0
10 11 0
13 14 1
14 15 0
17 18 0
18 19 1
21 22 0
22 23 0
25 26 1
26 27 1
29 30 1
30 31 1
33 34 1
34 35 0
